0,300,149.81273,-1.0315924,356.66561 
100,300.00672,149.81794,-1.0440247,356.66119 
200,300.01397,149.82702,-1.0656842,356.64817 
300,300.02165,149.83964,-1.0958362,356.62718 
400,300.02966,149.85542,-1.1334897,356.59908 
500,300.03788,149.87384,-1.177481,356.56489 
600,300.04619,149.89437,-1.2264989,356.52578 
700,300.05447,149.91645,-1.2792046,356.48295 
800,300.06261,149.93951,-1.3342783,356.43758 
900,300.07052,149.96304,-1.3904532,356.39083 
1000,300.07811,149.98654,-1.446583,356.34375 
1100,300.08531,150.00961,-1.5016534,356.29727 
1200,300.09207,150.03188,-1.5548317,356.25215 
1300,300.09835,150.05308,-1.6054413,356.20903
